TABLE#0: 10000016,hash,2,0,2,0,
TABLE#0: 10000010,f,0,0,2,0,
TABLE#0: 10000008,acc,2,0,2,0,
TABLE#0: 10000002,M,0,0,2,0,
TABLE#0: 10000006,normal,0,0,2,0,
TABLE#0: 10000000,limit2char,0,0,2,0,
TABLE#0: 100009,CW,1,0,0,57,
TABLE#0: 100008,CV,1,0,0,42,
TABLE#0: 100007,_SEED,0,0,0,391,
TABLE#0: 100004,V,0,0,0,0,
TABLE#0: 10000019,main,2,0,2,0,
TABLE#0: 100006,MAXS,0,0,0,10000,
TABLE#0: 100020,b,1,0,1,0,
TABLE#0: 10000005,randomSet,2,0,2,0,
TABLE#0: 100001,OPQRST,0,0,0,123456,
TABLE#0: 100005,W,0,0,0,-3,
TABLE#0: 100002,UVWXYZ,0,0,0,-7890,
TABLE#0: 100016,HIJKLMN,0,0,1,0,
TABLE#0: 100003,CU,1,0,0,95,
TABLE#0: 100017,a,1,0,1,0,
TABLE#0: 100010,u,0,0,1,0,
TABLE#0: 100012,hijklmn,0,0,1,0,
TABLE#0: 100013,opqrst01234,0,0,1,0,
TABLE#0: 100014,uvwxyz56789,0,0,1,0,
TABLE#0: 100000,U,0,0,0,1,
TABLE#0: 100021,s,1,10000,1,0,
TABLE#0: 100018,v,0,0,1,0,
TABLE#0: 100011,_abcdefg,0,0,1,0,
TABLE#0: 100015,ABCDEFG,0,0,1,0,
TABLE#0: 100019,w,0,4,1,0,
TABLE#1: 10000001,x,0,0,1,0,
TABLE#2: 10000004,m,0,0,1,0,
TABLE#2: 10000003,x,0,0,1,0,
TABLE#4: 10000007,c,0,0,1,0,
TABLE#5: 10000009,x,0,0,1,0,
TABLE#6: 10000015,u,0,0,1,0,
TABLE#6: 10000011,x,0,0,1,0,
TABLE#6: 10000012,y,1,0,1,0,
TABLE#6: 10000013,base,0,0,0,13,
TABLE#6: 10000014,mo,0,0,0,100007,
TABLE#7: 10000018,i,0,0,1,0,
TABLE#7: 10000017,seed,0,0,1,0,
TABLE#8: 10000024, | v: ,3,0,0,0,string1
TABLE#8: 10000020,i,0,0,1,0,
TABLE#8: 10000022,p,1,0,1,0,
TABLE#8: 10000025, | b: ,3,0,0,0,string2
TABLE#8: 10000021,c,0,0,1,0,
TABLE#8: 10000023, | ,3,0,0,0,string0
